h e0 var0 e1 var1 
0.5 -67.0668 1.30118e-07 -66.058 0.00310631 
0.501 -67.0834 1.33662e-07 -66.0764 0.00200965 
0.502 -67.1 1.37247e-07 -66.0959 0.000757257 
0.503 -67.1167 1.40927e-07 -66.1147 0.0035755 
0.504 -67.1333 1.44786e-07 -66.1336 0.00170185 
0.505 -67.1501 1.48691e-07 -66.153 0.0012149 
0.506 -67.1668 1.52721e-07 -66.1703 0.00179909 
0.507 -67.1836 1.56818e-07 -66.1894 0.00102871 
0.508 -67.2004 1.61003e-07 -66.208 0.00152678 
0.509 -67.2173 1.65389e-07 -66.2279 0.00124231 
0.51 -67.2342 1.69813e-07 -66.2444 0.00125431 
0.511 -67.2511 1.7434e-07 -66.266 0.00112616 
0.512 -67.2681 1.78992e-07 -66.2853 0.00157714 
0.513 -67.2851 1.83759e-07 -66.3022 0.00183051 
0.514 -67.3021 1.88697e-07 -66.322 0.00142908 
0.515 -67.3192 1.937e-07 -66.339 0.00357159 
0.516 -67.3363 1.98824e-07 -66.3589 0.0017569 
0.517 -67.3534 2.04186e-07 -66.3782 0.00213417 
0.518 -67.3706 2.09581e-07 -66.3976 0.0024902 
0.519 -67.3878 2.15073e-07 -66.4143 0.00276324 
0.52 -67.4051 2.20787e-07 -66.4364 0.00152531 
0.521 -67.4223 2.26592e-07 -66.4555 0.00173853 
0.522 -67.4397 1.69794e-07 -66.4757 0.00192665 
0.523 -67.457 1.49766e-07 -66.4941 0.00143046 
0.524 -67.4744 1.5877e-07 -66.5124 0.00424953 
0.525 -67.4919 1.74672e-07 -66.5343 0.000875985 
0.526 -67.5093 1.65714e-07 -66.5514 0.00214476 
0.527 -67.5268 1.65404e-07 -66.5714 0.00242815 
0.528 -67.5444 1.76851e-07 -66.5916 0.00256657 
0.529 -67.5619 1.85786e-07 -66.6113 0.00183798 
0.53 -67.5796 1.83012e-07 -66.6304 0.00102467 
0.531 -67.5972 1.95459e-07 -66.651 0.00202454 
0.532 -67.6149 1.95217e-07 -66.67 0.00129529 
0.533 -67.6326 2.13828e-07 -66.6884 0.00180288 
0.534 -67.6504 1.97098e-07 -66.7078 0.00360681 
0.535 -67.6682 2.02082e-07 -66.7277 0.00158484 
0.536 -67.686 1.60112e-07 -66.7484 0.00252838 
0.537 -67.7038 8.83674e-08 -66.7674 0.00212574 
0.538 -67.7217 9.05557e-08 -66.7881 0.00193999 
0.539 -67.7397 8.65512e-08 -66.8069 0.00168311 
0.54 -67.7577 9.19172e-08 -66.8271 0.00177715 
0.541 -67.7757 8.90868e-08 -66.849 0.00201298 
0.542 -67.7937 8.80073e-08 -66.871 0.00130879 
0.543 -67.8118 9.01664e-08 -66.8874 0.00296051 
0.544 -67.8299 8.70277e-08 -66.9071 0.00295528 
0.545 -67.8481 9.27048e-08 -66.9278 0.00225195 
0.546 -67.8663 9.50304e-08 -66.9484 0.00264695 
0.547 -67.8845 9.01473e-08 -66.9672 0.00166934 
0.548 -67.9028 9.23783e-08 -66.9898 0.00239228 
0.549 -67.9211 9.46238e-08 -67.0082 0.00543293 
0.55 -67.9394 9.69949e-08 -67.0299 0.00133318 
0.551 -67.9578 9.93332e-08 -67.0507 0.00251424 
0.552 -67.9762 1.01749e-07 -67.0706 0.00252589 
0.553 -67.9946 1.04282e-07 -67.0895 0.00194511 
0.554 -68.0131 1.06817e-07 -67.1112 0.00290725 
0.555 -68.0316 1.09424e-07 -67.1317 0.00237356 
0.556 -68.0502 9.74942e-08 -67.1526 0.0017143 
0.557 -68.0688 8.92987e-08 -67.1732 0.00253986 
0.558 -68.0874 9.47302e-08 -67.1906 0.00204501 
0.559 -68.1061 9.50486e-08 -67.2146 0.00213446 
0.56 -68.1248 9.7195e-08 -67.2348 0.00232631 
0.561 -68.1435 1.01204e-07 -67.2538 0.00304617 
0.562 -68.1623 1.03653e-07 -67.2782 0.00233466 
0.563 -68.1811 1.05676e-07 -67.2972 0.0015977 
0.564 -68.2 1.03884e-07 -67.3154 0.0037117 
0.565 -68.2188 1.03901e-07 -67.3387 0.00226826 
0.566 -68.2378 1.0333e-07 -67.3593 0.0024548 
0.567 -68.2567 1.11047e-07 -67.3809 0.00145248 
0.568 -68.2757 1.06952e-07 -67.3999 0.00316227 
0.569 -68.2948 1.07628e-07 -67.4223 0.00313684 
0.57 -68.3138 1.10207e-07 -67.4457 0.00138319 
0.571 -68.3329 1.13048e-07 -67.4655 0.00145406 
0.572 -68.3521 1.16444e-07 -67.4874 0.00165576 
0.573 -68.3713 1.17851e-07 -67.5077 0.00130974 
0.574 -68.3905 1.2159e-07 -67.5273 0.00285299 
0.575 -68.4097 8.13634e-08 -67.5504 0.00219525 
0.576 -68.429 7.05977e-08 -67.5703 0.0013476 
0.577 -68.4484 3.01216e-08 -67.5944 0.00183219 
0.578 -68.4677 2.85027e-08 -67.615 0.00159675 
0.579 -68.4871 2.36059e-08 -67.6365 0.00107239 
0.58 -68.5066 2.2751e-08 -67.6577 0.00303837 
0.581 -68.5261 2.23918e-08 -67.6784 0.00167547 
0.582 -68.5456 2.28702e-08 -67.7004 0.00140956 
0.583 -68.5651 1.66692e-08 -67.7228 0.00158412 
0.584 -68.5847 1.32695e-08 -67.7432 0.000964185 
0.585 -68.6044 1.73022e-08 -67.7657 0.000816971 
0.586 -68.624 1.96778e-08 -67.7858 0.00264617 
0.587 -68.6437 2.01189e-08 -67.8056 0.00303501 
0.588 -68.6635 1.82836e-08 -67.8297 0.00235351 
0.589 -68.6832 1.8621e-08 -67.8519 0.00387646 
0.59 -68.7031 1.90194e-08 -67.8741 0.00135039 
0.591 -68.7229 1.9385e-08 -67.8959 0.00250763 
0.592 -68.7428 1.9706e-08 -67.9159 0.00290107 
0.593 -68.7627 2.01235e-08 -67.9389 0.00106071 
0.594 -68.7827 2.05182e-08 -67.9607 0.00258643 
0.595 -68.8027 2.09311e-08 -67.9818 0.00103279 
0.596 -68.8227 2.13558e-08 -68.0042 0.00194444 
0.597 -68.8428 2.17678e-08 -68.0292 0.00114088 
0.598 -68.8629 2.22126e-08 -68.0479 0.00159953 
0.599 -68.8831 1.70276e-08 -68.0709 0.00270482 
0.6 -68.9033 2.30948e-08 -68.0937 0.00136556 
0.601 -68.9235 2.35432e-08 -68.1162 0.00191125 
0.602 -68.9438 2.40289e-08 -68.1377 0.00135712 
0.603 -68.9641 2.44509e-08 -68.1602 0.00208621 
0.604 -68.9844 2.49338e-08 -68.1825 0.00156667 
0.605 -69.0048 2.54176e-08 -68.207 0.00122807 
0.606 -69.0252 2.11694e-08 -68.2264 0.00192345 
0.607 -69.0457 1.47329e-08 -68.2479 0.00323424 
0.608 -69.0661 1.50494e-08 -68.2725 0.00100888 
0.609 -69.0867 1.53559e-08 -68.2966 0.00116484 
0.61 -69.1072 1.56333e-08 -68.3171 0.00119055 
0.611 -69.1279 1.59498e-08 -68.3423 0.000542339 
0.612 -69.1485 1.63018e-08 -68.3634 0.00275381 
0.613 -69.1692 1.65783e-08 -68.3835 0.00181132 
0.614 -69.1899 9.34142e-09 -68.4085 0.00168676 
0.615 -69.2107 9.55333e-09 -68.4321 0.00234531 
0.616 -69.2314 1.76442e-08 -68.4539 0.00218969 
0.617 -69.2523 9.9335e-09 -68.4772 0.00115629 
0.618 -69.2732 1.01445e-08 -68.5014 0.000919586 
0.619 -69.2941 1.03983e-08 -68.5227 0.00139242 
0.62 -69.315 1.05492e-08 -68.5444 0.00364883 
0.621 -69.336 1.07302e-08 -68.5664 0.00204017 
0.622 -69.357 1.09731e-08 -68.5933 0.000574462 
0.623 -69.3781 1.11922e-08 -68.6144 0.00182467 
0.624 -69.3992 1.14014e-08 -68.6377 0.0035246 
0.625 -69.4203 1.16215e-08 -68.6619 0.00239653 
0.626 -69.4415 1.17907e-08 -68.6804 0.00200044 
0.627 -69.4627 1.19908e-08 -68.7045 0.00174048 
0.628 -69.484 1.15933e-08 -68.7312 0.00169841 
0.629 -69.5053 1.02591e-08 -68.7549 0.00105755 
0.63 -69.5266 1.19862e-08 -68.7795 0.000410322 
0.631 -69.548 1.22154e-08 -68.7998 0.0026051 
0.632 -69.5694 1.24664e-08 -68.8215 0.00195145 
0.633 -69.5908 1.27002e-08 -68.8481 0.00105369 
0.634 -69.6123 1.29348e-08 -68.8715 0.000448269 
0.635 -69.6338 1.3214e-08 -68.8958 0.00126423 
0.636 -69.6554 1.34669e-08 -68.9175 0.00212077 
0.637 -69.677 1.20126e-08 -68.9422 0.00173551 
0.638 -69.6986 1.40044e-08 -68.9659 0.00095896 
0.639 -69.7203 1.42718e-08 -68.988 0.00293217 
0.64 -69.742 1.45728e-08 -69.0116 0.00253265 
0.641 -69.7638 1.48348e-08 -69.0354 0.0019696 
0.642 -69.7856 1.51158e-08 -69.0591 0.00218836 
0.643 -69.8074 1.54887e-08 -69.0806 0.00304225 
0.644 -69.8293 1.57361e-08 -69.1081 0.00199655 
0.645 -69.8512 1.6099e-08 -69.1305 0.00137355 
0.646 -69.8731 1.64191e-08 -69.155 0.00249175 
0.647 -69.8951 1.67138e-08 -69.1793 0.0012259 
0.648 -69.9172 1.70648e-08 -69.2011 0.00267172 
0.649 -69.9392 1.74359e-08 -69.229 0.00150251 
0.65 -69.9613 1.77733e-08 -69.2521 0.00209343 
0.651 -69.9835 1.81208e-08 -69.2771 0.00159757 
0.652 -70.0057 1.84618e-08 -69.3011 0.00151229 
0.653 -70.0279 1.88384e-08 -69.3237 0.00137668 
0.654 -70.0501 1.64891e-08 -69.3488 0.00126492 
0.655 -70.0724 1.68475e-08 -69.373 0.00129765 
0.656 -70.0948 1.72167e-08 -69.396 0.0020398 
0.657 -70.1172 1.76024e-08 -69.4222 0.0015786 
0.658 -70.1396 1.79261e-08 -69.4474 0.001492 
0.659 -70.162 1.44055e-08 -69.4705 0.0011335 
0.66 -70.1845 1.47602e-08 -69.4957 0.001407 
0.661 -70.2071 1.51058e-08 -69.5199 0.00125867 
0.662 -70.2296 1.54587e-08 -69.5427 0.00292017 
0.663 -70.2523 1.57906e-08 -69.5689 0.00131088 
0.664 -70.2749 1.62072e-08 -69.5936 0.00142834 
0.665 -70.2976 1.65401e-08 -69.618 0.00201356 
0.666 -70.3203 1.68784e-08 -69.6417 0.00163782 
0.667 -70.3431 1.7294e-08 -69.6658 0.00149309 
0.668 -70.3659 1.77261e-08 -69.6928 0.000828231 
0.669 -70.3888 1.51431e-08 -69.718 0.00215513 
0.67 -70.4117 1.85491e-08 -69.7423 0.00114456 
0.671 -70.4346 1.59298e-08 -69.7672 0.00215478 
0.672 -70.4576 1.63291e-08 -69.7924 0.00182653 
0.673 -70.4806 1.67047e-08 -69.8165 0.00160894 
0.674 -70.5036 1.7124e-08 -69.8418 0.00219756 
0.675 -70.5267 1.75396e-08 -69.867 0.00163541 
0.676 -70.5499 1.80007e-08 -69.8933 0.001356 
0.677 -70.573 1.84391e-08 -69.9174 0.00160422 
0.678 -70.5962 1.89038e-08 -69.9432 0.00172826 
0.679 -70.6195 1.93504e-08 -69.9676 0.0024509 
0.68 -70.6428 1.98306e-08 -69.9928 0.00160291 
0.681 -70.6661 2.03354e-08 -70.0181 0.00190282 
0.682 -70.6895 2.08802e-08 -70.0427 0.00235351 
0.683 -70.7129 2.13931e-08 -70.0694 0.00167153 
0.684 -70.7363 2.19279e-08 -70.0932 0.00138346 
0.685 -70.7598 2.25027e-08 -70.1197 0.00181816 
0.686 -70.7834 2.30448e-08 -70.1455 0.00151323 
0.687 -70.8069 2.36096e-08 -70.1718 0.00151579 
0.688 -70.8305 2.42699e-08 -70.1966 0.00272084 
0.689 -70.8542 2.48274e-08 -70.2219 0.00176116 
0.69 -70.8779 2.5515e-08 -70.2482 0.00232374 
0.691 -70.9016 2.61834e-08 -70.2752 0.00113687 
0.692 -70.9254 2.68019e-08 -70.2989 0.00169496 
0.693 -70.9492 2.75149e-08 -70.3265 0.0011471 
0.694 -70.9731 2.82007e-08 -70.3521 0.00164555 
0.695 -70.997 2.89447e-08 -70.3782 0.00102794 
0.696 -71.0209 2.9705e-08 -70.4031 0.0016249 
0.697 -71.0449 3.04462e-08 -70.4292 0.00290554 
0.698 -71.0689 3.12275e-08 -70.4554 0.0013311 
0.699 -71.0929 3.20751e-08 -70.4813 0.00183937 
0.7 -71.117 3.28682e-08 -70.5079 0.00149728 
0.701 -71.1412 3.37068e-08 -70.534 0.0010423 
0.702 -71.1654 3.46254e-08 -70.5595 0.00137839 
0.703 -71.1896 3.55003e-08 -70.5856 0.00137858 
0.704 -71.2138 3.64889e-08 -70.6122 0.00103427 
0.705 -71.2381 3.73893e-08 -70.6391 0.00122606 
0.706 -71.2625 3.84171e-08 -70.6655 0.00152111 
0.707 -71.2869 3.93629e-08 -70.6912 0.00149933 
0.708 -71.3113 4.04034e-08 -70.7169 0.00192331 
0.709 -71.3357 4.14593e-08 -70.7444 0.00127399 
0.71 -71.3603 4.26189e-08 -70.7701 0.00159568 
0.711 -71.3848 4.37594e-08 -70.7976 0.00183084 
0.712 -71.4094 4.49054e-08 -70.8244 0.00118985 
0.713 -71.434 4.50118e-08 -70.8508 0.00167144 
0.714 -71.4587 4.6256e-08 -70.8775 0.00194302 
0.715 -71.4834 4.74893e-08 -70.9041 0.00155761 
0.716 -71.5082 4.87462e-08 -70.931 0.00109563 
0.717 -71.533 5.01032e-08 -70.9578 0.00124925 
0.718 -71.5578 5.14565e-08 -70.9842 0.00092253 
0.719 -71.5827 5.28125e-08 -71.013 0.000762433 
0.72 -71.6076 5.42723e-08 -71.0372 0.00311693 
0.721 -71.6326 5.5792e-08 -71.065 0.00318548 
0.722 -71.6576 5.73082e-08 -71.0907 0.00162988 
0.723 -71.6826 5.88543e-08 -71.1192 0.00212238 
0.724 -71.7077 6.04614e-08 -71.1461 0.00192589 
0.725 -71.7328 6.21503e-08 -71.1725 0.00234811 
0.726 -71.758 6.37838e-08 -71.2002 0.000952366 
0.727 -71.7832 6.557e-08 -71.2288 0.001323 
0.728 -71.8084 6.73581e-08 -71.2551 0.000969977 
0.729 -71.8337 6.92144e-08 -71.2821 0.00150004 
0.73 -71.8591 7.11316e-08 -71.3101 0.000649701 
0.731 -71.8845 7.31061e-08 -71.3374 0.00167033 
0.732 -71.9099 7.50952e-08 -71.3647 0.00197442 
0.733 -71.9353 7.71906e-08 -71.3913 0.00247604 
0.734 -71.9609 7.93343e-08 -71.4188 0.00135386 
0.735 -71.9864 8.15044e-08 -71.4467 0.00215103 
0.736 -72.012 8.37817e-08 -71.4743 0.00179249 
0.737 -72.0376 8.60991e-08 -71.5025 0.00130667 
0.738 -72.0633 8.8522e-08 -71.5295 0.0010843 
0.739 -72.089 9.09604e-08 -71.5571 0.00121232 
0.74 -72.1148 9.35152e-08 -71.5862 0.00152424 
0.741 -72.1406 9.61218e-08 -71.613 0.00117026 
0.742 -72.1664 9.88075e-08 -71.6406 0.00105619 
0.743 -72.1923 1.01582e-07 -71.6689 0.000928834 
0.744 -72.2182 1.04437e-07 -71.6955 0.00224865 
0.745 -72.2442 1.07325e-07 -71.7244 0.00104066 
0.746 -72.2702 1.10374e-07 -71.7519 0.00142474 
0.747 -72.2963 1.13469e-07 -71.7797 0.00121506 
0.748 -72.3224 1.16707e-07 -71.8088 0.000733582 
0.749 -72.3485 1.19921e-07 -71.8365 0.00153476 
0.75 -72.3747 1.23322e-07 -71.8646 0.00251113 
0.751 -72.4009 1.26801e-07 -71.8927 0.00155999 
0.752 -72.4272 1.30392e-07 -71.9223 0.00109618 
0.753 -72.4535 1.34079e-07 -71.95 0.00128684 
0.754 -72.4799 1.37888e-07 -71.9772 0.00185649 
0.755 -72.5063 1.41779e-07 -72.0068 0.00175091 
0.756 -72.5327 1.45839e-07 -72.0348 0.00191184 
0.757 -72.5592 1.49952e-07 -72.0626 0.0020578 
0.758 -72.5857 1.54255e-07 -72.091 0.00281834 
0.759 -72.6123 1.58645e-07 -72.1199 0.00124654 
0.76 -72.6389 1.63193e-07 -72.1491 0.00117258 
0.761 -72.6656 1.67821e-07 -72.1778 0.00119264 
0.762 -72.6923 1.72612e-07 -72.2057 0.00146399 
0.763 -72.719 1.77565e-07 -72.2354 0.00126676 
0.764 -72.7458 1.82634e-07 -72.2635 0.00307218 
0.765 -72.7727 1.87831e-07 -72.2917 0.00153288 
0.766 -72.7995 1.93245e-07 -72.3198 0.00169551 
0.767 -72.8265 1.88998e-07 -72.3491 0.00314778 
0.768 -72.8534 1.94633e-07 -72.378 0.00226982 
0.769 -72.8804 1.60604e-07 -72.4081 0.00247653 
0.77 -72.9075 1.59636e-07 -72.4376 0.0018751 
0.771 -72.9346 1.60074e-07 -72.4668 0.00119437 
0.772 -72.9617 1.63433e-07 -72.4956 0.00113157 
0.773 -72.9889 1.6453e-07 -72.5244 0.00290732 
0.774 -73.0162 1.68791e-07 -72.5534 0.00275331 
0.775 -73.0434 1.73722e-07 -72.5828 0.00138694 
0.776 -73.0707 1.79048e-07 -72.6116 0.00260995 
0.777 -73.0981 1.81063e-07 -72.6408 0.00307907 
0.778 -73.1255 1.86439e-07 -72.6711 0.00256611 
0.779 -73.153 1.92239e-07 -72.7007 0.00164501 
0.78 -73.1805 1.94847e-07 -72.7297 0.0024037 
0.781 -73.208 1.67989e-07 -72.7596 0.00174491 
0.782 -73.2356 1.12069e-07 -72.7886 0.00100367 
0.783 -73.2632 9.225e-08 -72.8186 0.00137736 
0.784 -73.2909 9.15643e-08 -72.8483 0.00167466 
0.785 -73.3186 9.39817e-08 -72.8784 0.00218233 
0.786 -73.3464 9.32605e-08 -72.9079 0.00260517 
0.787 -73.3742 9.06275e-08 -72.9381 0.00121547 
0.788 -73.402 9.31304e-08 -72.9674 0.00106748 
0.789 -73.4299 9.21937e-08 -72.9974 0.0025784 
0.79 -73.4579 9.46784e-08 -73.0275 0.00190481 
0.791 -73.4859 9.20063e-08 -73.056 0.00191309 
0.792 -73.5139 9.10395e-08 -73.0873 0.000997935 
0.793 -73.542 9.35215e-08 -73.1163 0.0033352 
0.794 -73.5701 9.5979e-08 -73.1471 0.00287669 
0.795 -73.5983 9.85265e-08 -73.177 0.00279561 
0.796 -73.6265 9.93814e-08 -73.208 0.0020603 
0.797 -73.6548 1.02059e-07 -73.2377 0.00236148 
0.798 -73.6831 9.40699e-08 -73.2675 0.00124778 
0.799 -73.7114 9.98589e-08 -73.296 0.00456631 
0.8 -73.7398 1.02618e-07 -73.3279 0.00671109 
0.801 -73.7683 1.05468e-07 -73.3599 0.000554498 
0.802 -73.7967 1.08346e-07 -73.3897 0.00123522 
0.803 -73.8253 1.11326e-07 -73.4193 0.00267111 
0.804 -73.8539 1.05878e-07 -73.4506 0.00245664 
0.805 -73.8825 1.03442e-07 -73.4809 0.00172964 
0.806 -73.9112 1.01918e-07 -73.5115 0.0013506 
0.807 -73.9399 1.03436e-07 -73.5429 0.00240376 
0.808 -73.9686 1.05232e-07 -73.5733 0.00133353 
0.809 -73.9975 1.02104e-07 -73.6042 0.00130425 
0.81 -74.0263 1.04345e-07 -73.6346 0.00194917 
0.811 -74.0552 1.06395e-07 -73.6657 0.00187249 
0.812 -74.0842 1.08767e-07 -73.6969 0.000872809 
0.813 -74.1132 1.11719e-07 -73.7258 0.00315807 
0.814 -74.1422 1.14573e-07 -73.7583 0.00224886 
0.815 -74.1713 6.27933e-08 -73.7901 0.000766438 
0.816 -74.2004 6.37374e-08 -73.8215 0.000499012 
0.817 -74.2296 6.13554e-08 -73.851 0.00158644 
0.818 -74.2589 5.90471e-08 -73.883 0.00116548 
0.819 -74.2881 5.57357e-08 -73.9142 0.00114597 
0.82 -74.3175 5.52918e-08 -73.9452 0.00301709 
0.821 -74.3468 5.40413e-08 -73.9761 0.00194919 
0.822 -74.3763 5.3381e-08 -74.0082 0.00134413 
0.823 -74.4057 5.45888e-08 -74.039 0.00232551 
0.824 -74.4352 5.58948e-08 -74.0709 0.00151641 
0.825 -74.4648 4.55475e-08 -74.1028 0.00124189 
0.826 -74.4944 4.96002e-08 -74.1334 0.00265577 
0.827 -74.5241 4.7572e-08 -74.1646 0.00214239 
0.828 -74.5538 4.6839e-08 -74.1975 0.00117566 
0.829 -74.5835 4.79495e-08 -74.2289 0.00163474 
0.83 -74.6133 4.90882e-08 -74.2598 0.0021675 
0.831 -74.6432 4.46089e-08 -74.2924 0.00193244 
0.832 -74.6731 4.54293e-08 -74.3242 0.000816367 
0.833 -74.703 4.45143e-08 -74.3546 0.00339845 
0.834 -74.733 4.57285e-08 -74.3879 0.00177692 
0.835 -74.7631 4.68472e-08 -74.4199 0.00206454 
0.836 -74.7932 4.62205e-08 -74.4517 0.00192078 
0.837 -74.8233 4.66789e-08 -74.4838 0.00148158 
0.838 -74.8535 4.7914e-08 -74.5154 0.00164788 
0.839 -74.8837 4.47344e-08 -74.5481 0.00113978 
0.84 -74.914 4.59777e-08 -74.5805 0.00159506 
0.841 -74.9443 4.72655e-08 -74.6126 0.00121615 
0.842 -74.9747 4.78494e-08 -74.6447 0.00247096 
0.843 -75.0052 4.91927e-08 -74.6764 0.0029012 
0.844 -75.0356 5.05361e-08 -74.7091 0.0024109 
0.845 -75.0662 4.77767e-08 -74.7426 0.000874923 
0.846 -75.0968 4.90909e-08 -74.7751 0.000731236 
0.847 -75.1274 5.05415e-08 -74.8064 0.00195187 
0.848 -75.1581 5.19549e-08 -74.8398 0.00268665 
0.849 -75.1888 4.82823e-08 -74.873 0.000924852 
0.85 -75.2196 5.49053e-08 -74.9056 0.000947763 
0.851 -75.2504 5.58357e-08 -74.9376 0.00380672 
0.852 -75.2813 5.19276e-08 -74.9709 0.00206136 
0.853 -75.3122 5.3431e-08 -75.0036 0.00119497 
0.854 -75.3432 5.50672e-08 -75.0364 0.00309476 
0.855 -75.3742 5.66706e-08 -75.0695 0.00219173 
0.856 -75.4053 5.8375e-08 -75.1013 0.00411106 
0.857 -75.4364 6.01176e-08 -75.1355 0.0011423 
0.858 -75.4676 6.19075e-08 -75.1683 0.00185629 
0.859 -75.4988 5.90799e-08 -75.2019 0.000902626 
0.86 -75.5301 6.09252e-08 -75.2345 0.00106522 
0.861 -75.5614 6.28124e-08 -75.2678 0.00136149 
0.862 -75.5928 6.47724e-08 -75.3016 0.00111115 
0.863 -75.6242 6.89934e-08 -75.3346 0.0014861 
0.864 -75.6557 6.8947e-08 -75.3681 0.00124534 
0.865 -75.6872 7.11343e-08 -75.4009 0.0029765 
0.866 -75.7188 7.34017e-08 -75.4349 0.00229685 
0.867 -75.7505 7.57327e-08 -75.4684 0.0014997 
0.868 -75.7822 7.8212e-08 -75.5018 0.00289978 
0.869 -75.8139 7.67141e-08 -75.5355 0.00162818 
0.87 -75.8457 8.08941e-08 -75.5694 0.00117652 
0.871 -75.8775 8.00037e-08 -75.6027 0.00226423 
0.872 -75.9094 8.63429e-08 -75.6363 0.00223102 
0.873 -75.9414 8.27067e-08 -75.671 0.00105461 
0.874 -75.9734 8.84629e-08 -75.7049 0.000471569 
0.875 -76.0054 9.15115e-08 -75.7386 0.000735046 
0.876 -76.0375 8.98135e-08 -75.7722 0.00185351 
0.877 -76.0697 9.30468e-08 -75.8062 0.000983114 
0.878 -76.1019 9.64119e-08 -75.8406 0.00130097 
0.879 -76.1342 9.98707e-08 -75.8749 0.00120472 
0.88 -76.1665 1.01488e-07 -75.9086 0.00198348 
0.881 -76.1988 1.07242e-07 -75.9427 0.000798132 
0.882 -76.2313 1.08973e-07 -75.9771 0.00140594 
0.883 -76.2637 1.12948e-07 -76.0118 0.000617036 
0.884 -76.2963 1.14987e-07 -76.0462 0.000667988 
0.885 -76.3288 1.21615e-07 -76.0798 0.0011936 
0.886 -76.3615 1.2382e-07 -76.1151 0.0005582 
0.887 -76.3942 1.28484e-07 -76.149 0.00217393 
0.888 -76.4269 1.33286e-07 -76.1832 0.00224356 
0.889 -76.4597 1.38375e-07 -76.218 0.00196184 
0.89 -76.4925 1.43501e-07 -76.2531 0.00152368 
0.891 -76.5255 1.48972e-07 -76.2872 0.00292386 
0.892 -76.5584 1.4928e-07 -76.3224 0.00245254 
0.893 -76.5914 1.50838e-07 -76.3575 0.00102712 
0.894 -76.6245 1.53241e-07 -76.3912 0.00194462 
0.895 -76.6576 1.56808e-07 -76.4266 0.00199796 
0.896 -76.6908 1.6072e-07 -76.4622 0.00289025 
0.897 -76.724 1.62686e-07 -76.4971 0.0018366 
0.898 -76.7573 1.69466e-07 -76.5326 0.000790307 
0.899 -76.7907 1.60301e-07 -76.5678 0.00067283 
0.9 -76.8241 1.58231e-07 -76.6027 0.0016071 
0.901 -76.8575 1.49645e-07 -76.6381 0.0010746 
0.902 -76.891 1.50315e-07 -76.6732 0.00144554 
0.903 -76.9246 1.50851e-07 -76.7088 0.00102389 
0.904 -76.9582 1.52805e-07 -76.7442 0.00119835 
0.905 -76.9919 1.56281e-07 -76.7799 0.00074831 
0.906 -77.0256 1.58775e-07 -76.8151 0.00107902 
0.907 -77.0594 1.59102e-07 -76.8511 0.000269425 
0.908 -77.0933 1.64835e-07 -76.8865 0.00073812 
0.909 -77.1272 1.66165e-07 -76.9215 0.00250184 
0.91 -77.1611 1.68846e-07 -76.9581 0.000318549 
0.911 -77.1952 1.66207e-07 -76.9937 0.00046512 
0.912 -77.2293 1.63587e-07 -77.0298 3.43933e-05 
0.913 -77.2634 1.64919e-07 -77.0654 0.000582833 
0.914 -77.2976 1.67252e-07 -77.1016 0.000191966 
0.915 -77.3318 1.66615e-07 -77.1375 0.000190726 
0.916 -77.3662 1.6683e-07 -77.1556 0.0110061 
0.917 -77.4005 1.70709e-07 -77.1507 0.000807212 
0.918 -77.435 1.73976e-07 -77.2113 0.0107972 
0.919 -77.4694 1.78168e-07 -77.2678 0.00585142 
0.92 -77.504 1.78507e-07 -77.3021 0.0145724 
0.921 -77.5386 1.78518e-07 -77.3512 0.00449227 
0.922 -77.5733 1.45003e-07 -77.3711 0.0166093 
0.923 -77.608 1.4772e-07 -77.414 0.00533621 
0.924 -77.6428 1.42054e-07 -77.4525 0.00632627 
0.925 -77.6776 1.38965e-07 -77.4971 0.00496564 
0.926 -77.7125 1.35617e-07 -77.5265 0.0189847 
0.927 -77.7475 1.36863e-07 -77.5652 0.00803782 
0.928 -77.7825 1.3327e-07 -77.5996 0.0223972 
0.929 -77.8176 1.31585e-07 -77.6161 0.0079207 
0.93 -77.8528 1.33995e-07 -77.646 0.00352367 
0.931 -77.888 1.30777e-07 -77.7186 0.00294198 
0.932 -77.9232 1.30643e-07 -77.7554 0.00377079 
0.933 -77.9586 1.29348e-07 -77.7888 0.00559145 
0.934 -77.994 1.29133e-07 -77.8264 0.00665832 
0.935 -78.0294 1.3172e-07 -77.8594 0.00760007 
0.936 -78.065 1.33787e-07 -77.903 0.00361725 
0.937 -78.1005 1.32314e-07 -77.9168 0.0157301 
0.938 -78.1362 1.29609e-07 -77.9795 0.00146947 
0.939 -78.1719 1.32191e-07 -78.0172 2.81197e-05 
0.94 -78.2077 1.34106e-07 -78.0545 7.82852e-07 
0.941 -78.2435 1.33958e-07 -78.0919 2.67777e-06 
0.942 -78.2794 1.38848e-07 -78.1293 5.12799e-07 
0.943 -78.3154 1.40285e-07 -78.1668 2.10592e-07 
0.944 -78.3514 1.44147e-07 -78.2043 1.71033e-07 
0.945 -78.3875 1.44062e-07 -78.2419 1.61876e-07 
0.946 -78.4237 1.46065e-07 -78.2795 1.8072e-07 
0.947 -78.4599 1.56191e-07 -78.3172 1.79006e-07 
0.948 -78.4962 1.58201e-07 -78.355 1.67379e-07 
0.949 -78.5326 1.63437e-07 -78.3927 1.63212e-07 
0.95 -78.569 1.63976e-07 -78.4306 1.77121e-07 
0.951 -78.6055 1.64587e-07 -78.4685 1.65656e-07 
0.952 -78.6421 1.66097e-07 -78.5064 1.73605e-07 
0.953 -78.6787 1.67845e-07 -78.5444 1.7482e-07 
0.954 -78.7154 1.63412e-07 -78.5825 1.78491e-07 
0.955 -78.7521 1.78445e-07 -78.6206 1.74242e-07 
0.956 -78.789 1.73148e-07 -78.6588 1.82385e-07 
0.957 -78.8259 1.75492e-07 -78.697 1.73481e-07 
0.958 -78.8629 1.79763e-07 -78.7352 1.74965e-07 
0.959 -78.8999 2.08284e-07 -78.7735 1.87935e-07 
0.96 -78.937 1.77593e-07 -78.8119 1.78349e-07 
0.961 -78.9742 1.77371e-07 -78.8503 1.8616e-07 
0.962 -79.0115 1.85863e-07 -78.8888 1.83095e-07 
0.963 -79.0488 1.84688e-07 -78.9273 1.7578e-07 
0.964 -79.0862 2.10888e-07 -78.9659 2.00349e-07 
0.965 -79.1236 1.89865e-07 -79.0045 1.84508e-07 
0.966 -79.1612 1.8504e-07 -79.0431 1.99425e-07 
0.967 -79.1988 1.86761e-07 -79.0819 1.8115e-07 
0.968 -79.2365 1.882e-07 -79.1206 1.86631e-07 
0.969 -79.2742 2.63311e-07 -79.1594 4.89899e-07 
0.97 -79.3121 1.91398e-07 -79.1983 2.14672e-07 
0.971 -79.35 2.48625e-07 -79.2372 2.0873e-07 
0.972 -79.388 3.25171e-07 -79.2762 8.68312e-07 
0.973 -79.426 3.44918e-07 -79.3152 2.70892e-07 
0.974 -79.4642 2.13406e-07 -79.3542 4.66447e-07 
0.975 -79.5024 1.90013e-07 -79.3933 1.54997e-06 
0.976 -79.5407 1.92506e-07 -79.4325 6.07683e-06 
0.977 -79.579 1.92156e-07 -79.4716 2.0809e-05 
0.978 -79.6175 2.17098e-07 -79.5109 1.31464e-06 
0.979 -79.656 3.13063e-07 -79.5502 9.02403e-06 
0.98 -79.6946 1.90368e-07 -79.5895 1.80491e-05 
0.981 -79.7333 2.25092e-07 -79.6289 2.75948e-05 
0.982 -79.772 2.02563e-07 -79.6682 0.000384597 
0.983 -79.8108 1.92498e-07 -79.7055 0.00568515 
0.984 -79.8497 1.92174e-07 -79.7472 0.000195713 
0.985 -79.8887 2.01595e-07 -79.7868 6.21332e-05 
0.986 -79.9278 1.97218e-07 -79.8201 0.0123858 
0.987 -79.967 1.98065e-07 -79.8634 0.00373131 
0.988 -80.0062 2.01575e-07 -79.9038 0.00632303 
0.989 -80.0455 1.99967e-07 -79.929 0.0613686 
0.99 -80.0849 1.97553e-07 -79.9819 0.0145235 
0.991 -80.1244 1.99479e-07 -80.0242 0.00199941 
0.992 -80.1639 1.98436e-07 -80.0109 0.0452809 
0.993 -80.2035 1.97113e-07 -80.0834 0.0138304 
0.994 -80.2433 1.95572e-07 -80.1195 0.0144496 
0.995 -80.283 1.93779e-07 -80.1838 0.00204026 
0.996 -80.3229 1.918e-07 -80.2202 0.0167915 
0.997 -80.3629 1.88846e-07 -80.2647 2.38152e-06 
0.998 -80.4029 1.93793e-07 -80.3047 0.00017862 
0.999 -80.443 1.91082e-07 -80.3449 5.743e-06 
1 -80.4832 2.01915e-07 -80.3851 9.4614e-06 
1.001 -80.5235 1.8986e-07 -80.4253 0.000114559 
1.002 -80.5639 1.8677e-07 -80.4655 6.65706e-05 
1.003 -80.6043 1.98426e-07 -80.5058 1.39322e-05 
1.004 -80.6449 1.97199e-07 -80.5462 6.51603e-05 
1.005 -80.6855 1.94541e-07 -80.5865 9.02824e-06 
1.006 -80.7261 1.93415e-07 -80.6269 0.00034112 
1.007 -80.7669 1.96804e-07 -80.6673 0.000303423 
1.008 -80.8078 1.99079e-07 -80.7079 0.000204545 
1.009 -80.8487 1.94763e-07 -80.7484 8.64369e-05 
1.01 -80.8897 1.91988e-07 -80.789 4.447e-05 
1.011 -80.9308 1.8998e-07 -80.8296 8.68767e-05 
1.012 -80.9719 1.95357e-07 -80.8703 5.10176e-05 
1.013 -81.0131 1.92463e-07 -80.911 6.12758e-05 
1.014 -81.0545 1.87732e-07 -80.9517 1.93393e-05 
1.015 -81.0959 1.95731e-07 -80.9925 3.5284e-05 
1.016 -81.1373 1.97488e-07 -81.0331 0.00163963 
1.017 -81.1789 1.95439e-07 -81.0717 0.0187777 
1.018 -81.2205 1.97977e-07 -81.1039 0.017909 
1.019 -81.2622 2.02697e-07 -81.1454 0.167928 
1.02 -81.3039 1.96475e-07 -81.1942 0.0134561 
1.021 -81.3458 1.94844e-07 -81.238 0.00054411 
1.022 -81.3877 1.89284e-07 -81.279 0.000735811 
1.023 -81.4297 1.90346e-07 -81.3202 4.21548e-05 
1.024 -81.4717 1.83459e-07 -81.3614 8.14656e-07 
1.025 -81.5139 1.76818e-07 -81.4026 5.29965e-07 
1.026 -81.5561 1.77198e-07 -81.4439 8.84427e-07 
1.027 -81.5983 1.73142e-07 -81.4851 1.62791e-06 
1.028 -81.6407 1.68498e-07 -81.5265 4.8848e-06 
1.029 -81.6831 1.68703e-07 -81.5678 6.08764e-06 
1.03 -81.7256 1.74814e-07 -81.6093 8.53646e-06 
1.031 -81.7681 1.76043e-07 -81.6507 7.1291e-06 
1.032 -81.8107 1.69174e-07 -81.6922 8.21344e-06 
1.033 -81.8534 1.76075e-07 -81.7338 1.91911e-07 
1.034 -81.8962 1.83987e-07 -81.7754 6.96997e-07 
1.035 -81.939 1.98231e-07 -81.817 7.05259e-07 
1.036 -81.9819 1.96178e-07 -81.8587 3.83037e-07 
1.037 -82.0248 1.90465e-07 -81.9004 1.64871e-05 
1.038 -82.0678 1.94103e-07 -81.9422 3.53202e-05 
1.039 -82.1109 1.88493e-07 -81.984 6.81009e-05 
1.04 -82.154 1.84109e-07 -82.0259 0.000189327 
1.041 -82.1972 1.789e-07 -82.0677 0.000404783 
1.042 -82.2405 1.79262e-07 -82.1097 0.000258186 
1.043 -82.2838 1.76738e-07 -82.1516 0.000884614 
1.044 -82.3272 1.74286e-07 -82.1935 0.00307885 
1.045 -82.3706 1.7749e-07 -82.2358 0.000712508 
1.046 -82.4142 1.7396e-07 -82.2774 0.00507355 
1.047 -82.4577 1.7219e-07 -82.3174 0.0163092 
1.048 -82.5014 1.69129e-07 -82.36 0.0199018 
1.049 -82.545 1.6206e-07 -82.4005 0.0891185 
1.05 -82.5888 1.7192e-07 -82.4467 0.00283745 
1.051 -82.6326 1.71392e-07 -82.4893 3.54945e-05 
1.052 -82.6765 1.70054e-07 -82.5317 2.14238e-05 
1.053 -82.7204 1.63345e-07 -82.5742 2.70541e-06 
1.054 -82.7644 1.63561e-07 -82.6167 4.15504e-05 
1.055 -82.8084 1.75768e-07 -82.6592 5.53363e-06 
1.056 -82.8525 1.85317e-07 -82.7018 1.66765e-06 
1.057 -82.8967 1.84342e-07 -82.7444 6.79894e-07 
1.058 -82.9409 1.85831e-07 -82.7871 1.06727e-05 
1.059 -82.9851 1.82806e-07 -82.8298 5.16871e-06 
1.06 -83.0294 1.95861e-07 -82.8725 1.45757e-06 
1.061 -83.0738 1.92882e-07 -82.9153 1.24105e-05 
1.062 -83.1182 1.88985e-07 -82.9582 1.90494e-06 
1.063 -83.1627 1.93362e-07 -83.0011 2.01749e-06 
1.064 -83.2072 1.98951e-07 -83.044 2.52492e-06 
1.065 -83.2518 2.05282e-07 -83.087 2.35993e-06 
1.066 -83.2965 1.95242e-07 -83.13 9.6085e-07 
1.067 -83.3411 1.98277e-07 -83.1731 3.95036e-06 
1.068 -83.3859 1.90524e-07 -83.2162 1.31508e-05 
1.069 -83.4307 1.91879e-07 -83.2594 9.76836e-07 
1.07 -83.4755 1.92215e-07 -83.3026 3.89473e-05 
1.071 -83.5204 1.88411e-07 -83.3458 1.53405e-05 
1.072 -83.5654 1.90027e-07 -83.3891 1.48361e-06 
1.073 -83.6104 1.90517e-07 -83.4324 5.9447e-06 
1.074 -83.6554 1.85816e-07 -83.4758 5.45037e-07 
1.075 -83.7005 1.84446e-07 -83.5192 7.29899e-05 
1.076 -83.7457 1.77147e-07 -83.5627 8.25679e-06 
1.077 -83.7908 1.79188e-07 -83.6062 1.61259e-05 
1.078 -83.8361 1.73155e-07 -83.6497 1.82154e-05 
1.079 -83.8814 1.71211e-07 -83.6933 2.50198e-05 
1.08 -83.9267 1.68578e-07 -83.737 1.44646e-05 
1.081 -83.9721 1.67718e-07 -83.7806 2.52625e-05 
1.082 -84.0176 1.65289e-07 -83.8244 5.95926e-07 
1.083 -84.063 1.62932e-07 -83.8681 1.02117e-06 
1.084 -84.1086 1.62259e-07 -83.9119 1.1973e-05 
1.085 -84.1542 1.55926e-07 -83.9558 5.75225e-06 
1.086 -84.1998 1.58308e-07 -83.9997 1.26107e-05 
1.087 -84.2454 1.53292e-07 -84.0436 1.30683e-05 
1.088 -84.2912 1.56104e-07 -84.0875 6.50146e-05 
1.089 -84.3369 1.59007e-07 -84.1316 6.0992e-07 
1.09 -84.3827 1.56916e-07 -84.1756 1.2785e-05 
1.091 -84.4286 1.5068e-07 -84.2197 6.18269e-05 
1.092 -84.4745 1.55414e-07 -84.2638 3.72164e-05 
1.093 -84.5204 1.57992e-07 -84.308 2.28834e-06 
1.094 -84.5664 1.59935e-07 -84.3522 3.29104e-05 
1.095 -84.6125 1.60886e-07 -84.3965 7.65274e-06 
1.096 -84.6585 1.58559e-07 -84.4408 1.16362e-05 
1.097 -84.7047 1.56549e-07 -84.4851 1.09849e-05 
1.098 -84.7508 1.59579e-07 -84.5295 1.21702e-06 
1.099 -84.797 1.69459e-07 -84.5739 9.18462e-07 
1.1 -84.8433 1.72682e-07 -84.6184 1.02155e-05 
1.101 -84.8896 1.65998e-07 -84.6628 6.09744e-05 
1.102 -84.9359 1.67718e-07 -84.7074 0.000141302 
1.103 -84.9823 1.64155e-07 -84.7519 6.33855e-05 
1.104 -85.0287 1.66073e-07 -84.7966 1.80132e-05 
1.105 -85.0752 1.64599e-07 -84.8412 4.20451e-05 
1.106 -85.1217 1.61024e-07 -84.8859 2.3586e-05 
1.107 -85.1683 1.67434e-07 -84.9306 0.000132183 
1.108 -85.2149 1.62999e-07 -84.9754 1.88868e-05 
1.109 -85.2615 1.68196e-07 -85.0202 1.6406e-05 
1.11 -85.3082 1.70649e-07 -85.0651 5.73044e-06 
1.111 -85.3549 1.72207e-07 -85.1099 2.87096e-05 
1.112 -85.4016 1.74576e-07 -85.1549 3.32171e-05 
1.113 -85.4484 1.70428e-07 -85.1998 6.20459e-06 
1.114 -85.4953 1.72744e-07 -85.2448 2.43011e-05 
1.115 -85.5421 1.81203e-07 -85.2898 0.000263126 
1.116 -85.589 1.80123e-07 -85.3349 3.57417e-05 
1.117 -85.636 1.78984e-07 -85.38 1.74135e-05 
1.118 -85.683 1.78894e-07 -85.4252 5.07586e-05 
1.119 -85.73 1.83173e-07 -85.4704 4.01768e-05 
1.12 -85.7771 1.87455e-07 -85.5155 0.00060027 
1.121 -85.8242 1.89156e-07 -85.5608 4.14816e-05 
1.122 -85.8714 2.07471e-07 -85.6061 7.41508e-05 
1.123 -85.9186 2.0302e-07 -85.6514 0.000255341 
1.124 -85.9658 1.97681e-07 -85.6968 0.00017558 
1.125 -86.0131 1.91751e-07 -85.7422 2.21472e-05 
1.126 -86.0604 1.89854e-07 -85.7877 4.3549e-05 
1.127 -86.1077 1.8795e-07 -85.8331 3.04932e-05 
1.128 -86.1551 1.90893e-07 -85.8787 3.9486e-05 
1.129 -86.2025 1.95371e-07 -85.9242 2.1959e-05 
1.13 -86.25 1.93785e-07 -85.9698 1.3122e-05 
1.131 -86.2974 1.89655e-07 -86.0154 5.91758e-05 
1.132 -86.345 1.85295e-07 -86.061 3.73851e-05 
1.133 -86.3925 1.82032e-07 -86.1067 0.00014749 
1.134 -86.4401 1.75842e-07 -86.1525 0.000116711 
1.135 -86.4878 1.76908e-07 -86.1982 0.000269227 
1.136 -86.5355 1.77853e-07 -86.244 7.57651e-05 
1.137 -86.5832 1.74266e-07 -86.2898 6.87362e-05 
1.138 -86.6309 1.68659e-07 -86.3357 4.41719e-05 
1.139 -86.6787 1.67181e-07 -86.3816 6.85052e-05 
1.14 -86.7265 1.6397e-07 -86.4275 7.97979e-05 
1.141 -86.7744 1.6282e-07 -86.4735 0.000135279 
1.142 -86.8223 1.59954e-07 -86.5195 4.16215e-05 
1.143 -86.8702 1.58911e-07 -86.5654 0.000165567 
1.144 -86.9181 1.57078e-07 -86.6116 0.000107463 
1.145 -86.9661 1.55533e-07 -86.6576 4.77001e-05 
1.146 -87.0142 1.51696e-07 -86.7037 0.000244411 
1.147 -87.0622 1.53768e-07 -86.75 2.19893e-05 
1.148 -87.1103 1.59761e-07 -86.7962 3.06924e-05 
1.149 -87.1585 1.61644e-07 -86.8423 6.78759e-05 
1.15 -87.2066 1.63862e-07 -86.8886 0.000232738 
1.151 -87.2548 1.63758e-07 -86.9349 0.000191731 
1.152 -87.3031 1.56134e-07 -86.9813 0.00019845 
1.153 -87.3513 1.62308e-07 -87.0276 0.000154134 
1.154 -87.3996 1.58438e-07 -87.074 0.000198646 
1.155 -87.448 1.6169e-07 -87.1204 0.000222641 
1.156 -87.4964 1.82282e-07 -87.167 1.43189e-05 
1.157 -87.5448 1.60086e-07 -87.2134 6.88052e-05 
1.158 -87.5932 1.72814e-07 -87.2599 0.000182647 
1.159 -87.6417 1.70612e-07 -87.3064 0.000150569 
1.16 -87.6902 1.77091e-07 -87.353 0.000144973 
1.161 -87.7387 1.75008e-07 -87.3997 7.00787e-05 
1.162 -87.7873 1.70164e-07 -87.4463 6.13063e-05 
1.163 -87.8359 1.66247e-07 -87.493 0.00021582 
1.164 -87.8845 1.6445e-07 -87.5397 0.0002408 
1.165 -87.9332 1.59908e-07 -87.5863 0.000376319 
1.166 -87.9818 1.5626e-07 -87.6333 5.96334e-05 
1.167 -88.0306 1.58777e-07 -87.6801 6.24587e-05 
1.168 -88.0793 1.64846e-07 -87.7269 0.000113782 
1.169 -88.1281 1.63905e-07 -87.7738 6.72736e-05 
1.17 -88.1769 1.59492e-07 -87.8207 7.43824e-05 
1.171 -88.2258 1.57043e-07 -87.8675 0.000193869 
1.172 -88.2747 1.55694e-07 -87.9146 3.80808e-05 
1.173 -88.3236 1.52174e-07 -87.9615 0.000198031 
1.174 -88.3725 1.58239e-07 -88.0086 5.09218e-05 
1.175 -88.4215 1.56684e-07 -88.0557 3.70187e-05 
1.176 -88.4705 1.52708e-07 -88.1027 0.000101452 
1.177 -88.5196 1.51862e-07 -88.1498 6.54164e-05 
1.178 -88.5686 1.57735e-07 -88.1968 0.000186601 
1.179 -88.6177 1.53736e-07 -88.2437 0.000597375 
1.18 -88.6669 1.52319e-07 -88.2913 0.000149686 
1.181 -88.716 1.57926e-07 -88.3385 0.000153079 
1.182 -88.7652 1.57171e-07 -88.3858 0.000127729 
1.183 -88.8144 1.6242e-07 -88.4331 0.000107916 
1.184 -88.8637 1.61127e-07 -88.4804 0.000123922 
1.185 -88.913 1.68988e-07 -88.5277 9.82916e-05 
1.186 -88.9623 1.90273e-07 -88.575 0.000363759 
1.187 -89.0116 1.9855e-07 -88.6225 8.20858e-05 
1.188 -89.061 2.24621e-07 -88.6698 0.000351567 
1.189 -89.1104 3.21619e-07 -88.7174 6.73254e-05 
1.19 -89.1598 3.38401e-07 -88.7649 4.51911e-05 
1.191 -89.2093 3.46976e-07 -88.8122 0.000399947 
1.192 -89.2587 3.46504e-07 -88.8598 0.000357749 
1.193 -89.3083 3.4585e-07 -88.9075 0.000111841 
1.194 -89.3578 3.47039e-07 -88.955 0.000298686 
1.195 -89.4074 3.38649e-07 -89.0026 0.00015103 
1.196 -89.457 3.37649e-07 -89.0505 5.91463e-05 
1.197 -89.5066 3.3738e-07 -89.098 0.000172958 
1.198 -89.5562 3.29249e-07 -89.1459 2.6554e-05 
1.199 -89.6059 3.21335e-07 -89.1935 0.000170072 
1.2 -89.6556 3.2113e-07 -89.241 0.000324191 
1.201 -89.7054 3.13375e-07 -89.2891 6.54289e-05 
1.202 -89.7551 3.12042e-07 -89.3369 0.00025181 
1.203 -89.8049 3.12002e-07 -89.3848 9.97737e-05 
1.204 -89.8548 3.05628e-07 -89.4327 0.000104212 
1.205 -89.9046 2.98338e-07 -89.4806 6.73216e-05 
1.206 -89.9545 2.98918e-07 -89.5285 7.9155e-05 
1.207 -90.0044 2.91976e-07 -89.5761 0.000410531 
1.208 -90.0543 2.85009e-07 -89.624 0.000864235 
1.209 -90.1043 2.78254e-07 -89.6724 7.36599e-05 
1.21 -90.1543 2.79321e-07 -89.7204 0.000254874 
1.211 -90.2043 2.72709e-07 -89.7685 0.000155857 
1.212 -90.2543 2.66275e-07 -89.8167 8.43521e-05 
1.213 -90.3044 2.60095e-07 -89.8644 0.000234142 
1.214 -90.3545 2.54048e-07 -89.9129 7.92538e-05 
1.215 -90.4046 2.59925e-07 -89.9609 0.000193375 
1.216 -90.4547 2.53871e-07 -90.009 0.000307923 
1.217 -90.5049 2.47937e-07 -90.0575 0.000126285 
1.218 -90.5551 2.42246e-07 -90.1054 0.000287758 
1.219 -90.6053 2.38097e-07 -90.1537 0.000253222 
1.22 -90.6556 2.40358e-07 -90.2023 5.17406e-05 
1.221 -90.7059 2.34812e-07 -90.2506 0.000103707 
1.222 -90.7562 2.35281e-07 -90.2985 0.000747189 
1.223 -90.8065 2.2994e-07 -90.3469 0.000960112 
1.224 -90.8568 2.24727e-07 -90.3958 5.05599e-05 
1.225 -90.9072 2.20249e-07 -90.4439 0.000268778 
1.226 -90.9576 2.22686e-07 -90.4925 0.00039775 
1.227 -91.008 2.17655e-07 -90.5411 6.37235e-05 
1.228 -91.0585 2.12798e-07 -90.5893 0.00012634 
1.229 -91.109 2.08011e-07 -90.6381 8.53549e-05 
1.23 -91.1595 2.04851e-07 -90.6866 0.00017318 
1.231 -91.21 2.01006e-07 -90.735 0.00017781 
1.232 -91.2606 1.96545e-07 -90.7837 0.000237203 
1.233 -91.3112 1.99816e-07 -90.8317 0.000243085 
1.234 -91.3618 1.95376e-07 -90.8811 0.000187401 
1.235 -91.4124 1.90988e-07 -90.9293 0.000191173 
1.236 -91.463 1.87536e-07 -90.9783 0.000195641 
1.237 -91.5137 1.83381e-07 -91.0268 0.000244565 
1.238 -91.5644 1.87216e-07 -91.0758 0.000114988 
1.239 -91.6152 1.83212e-07 -91.1242 0.000714787 
1.24 -91.6659 1.79216e-07 -91.1731 0.000317333 
1.241 -91.7167 1.8422e-07 -91.2222 9.99456e-05 
1.242 -91.7675 1.80131e-07 -91.2709 0.000247812 
1.243 -91.8183 1.76178e-07 -91.3199 0.000151755 
1.244 -91.8692 1.73974e-07 -91.3685 0.000278215 
1.245 -91.92 1.76386e-07 -91.4171 0.00113737 
1.246 -91.9709 1.73695e-07 -91.4664 0.00103001 
1.247 -92.0219 1.70057e-07 -91.5151 0.000623384 
1.248 -92.0728 1.66452e-07 -91.5647 0.000106094 
1.249 -92.1238 1.63005e-07 -91.6134 0.000128491 
1.25 -92.1748 1.60624e-07 -91.6621 0.000450265 
1.251 -92.2258 1.57284e-07 -91.7115 0.000226252 
1.252 -92.2768 1.5403e-07 -91.7606 0.00049219 
1.253 -92.3279 1.50814e-07 -91.8098 0.000310978 
1.254 -92.379 1.4603e-07 -91.8586 0.000268261 
1.255 -92.4301 1.45747e-07 -91.908 0.00016731 
1.256 -92.4812 1.43162e-07 -91.9567 0.000704694 
1.257 -92.5324 1.49021e-07 -92.0061 0.000217125 
1.258 -92.5835 1.46254e-07 -92.0553 0.00046072 
1.259 -92.6347 1.44342e-07 -92.1046 0.000470412 
1.26 -92.686 1.47887e-07 -92.1535 0.000351927 
1.261 -92.7372 1.4493e-07 -92.2031 0.000287164 
1.262 -92.7885 1.42136e-07 -92.2524 0.00025861 
1.263 -92.8398 1.3944e-07 -92.3013 0.000667616 
1.264 -92.8911 1.3675e-07 -92.3512 0.000431088 
1.265 -92.9424 1.39411e-07 -92.4003 0.000474322 
1.266 -92.9938 1.36799e-07 -92.4499 0.000495298 
1.267 -93.0451 1.34094e-07 -92.4992 0.000317646 
1.268 -93.0965 1.31467e-07 -92.5477 0.000903407 
1.269 -93.148 1.35475e-07 -92.5975 0.00144987 
1.27 -93.1994 1.32841e-07 -92.6476 0.000307495 
1.271 -93.2509 1.35957e-07 -92.6963 0.000672144 
1.272 -93.3024 1.33434e-07 -92.7463 0.000887068 
1.273 -93.3539 1.37114e-07 -92.7957 0.00105585 
1.274 -93.4054 1.41134e-07 -92.8454 0.000636449 
1.275 -93.457 1.38431e-07 -92.8938 0.000919486 
1.276 -93.5085 1.35899e-07 -92.9437 0.00179794 
1.277 -93.5601 1.33356e-07 -92.9939 0.00099219 
1.278 -93.6118 1.37397e-07 -93.0437 0.00075213 
1.279 -93.6634 1.34978e-07 -93.0937 0.000946487 
1.28 -93.7151 1.32448e-07 -93.1427 0.00112094 
1.281 -93.7667 1.36544e-07 -93.1929 0.000621073 
1.282 -93.8185 1.40682e-07 -93.2424 0.000862509 
1.283 -93.8702 1.58241e-07 -93.2921 0.0011434 
1.284 -93.9219 2.72434e-07 -93.3422 0.000639148 
1.285 -93.9737 2.67757e-07 -93.3916 0.000945455 
1.286 -94.0255 2.8839e-07 -93.4423 0.000290854 
1.287 -94.0773 2.96062e-07 -93.4924 0.00016167 
1.288 -94.1291 2.97299e-07 -93.5417 0.000555452 
1.289 -94.181 2.98789e-07 -93.5914 0.000514875 
1.29 -94.2328 2.93607e-07 -93.6416 0.000483538 
1.291 -94.2847 2.93754e-07 -93.6906 0.00220662 
1.292 -94.3367 2.95142e-07 -93.7405 0.00105883 
1.293 -94.3886 2.90183e-07 -93.7914 0.00035925 
1.294 -94.4405 2.93625e-07 -93.8417 0.000165733 
1.295 -94.4925 2.94898e-07 -93.8902 0.00202591 
1.296 -94.5445 2.89832e-07 -93.941 0.000879506 
1.297 -94.5965 2.84934e-07 -93.9911 0.000857865 
1.298 -94.6486 2.86087e-07 -94.0409 0.000701115 
1.299 -94.7006 2.81249e-07 -94.0913 0.000814999 
1.3 -94.7527 2.82473e-07 -94.1411 0.00044885 
1.301 -94.8048 2.77754e-07 -94.1914 0.00030051 
1.302 -94.8569 2.77714e-07 -94.2417 0.000429236 
1.303 -94.909 2.7315e-07 -94.2918 0.000603741 
1.304 -94.9612 2.68592e-07 -94.3419 0.000633982 
1.305 -95.0134 2.69749e-07 -94.3928 0.000183754 
1.306 -95.0656 2.65245e-07 -94.4419 0.000353664 
1.307 -95.1178 2.70491e-07 -94.493 0.000369782 
1.308 -95.17 2.65951e-07 -94.5426 0.000955075 
1.309 -95.2223 2.61536e-07 -94.593 0.000575173 
1.31 -95.2745 2.66995e-07 -94.6437 0.00036681 
1.311 -95.3268 2.62491e-07 -94.6937 0.000552635 
1.312 -95.3791 2.58149e-07 -94.7441 0.000366342 
1.313 -95.4315 2.53864e-07 -94.7944 0.000584342 
1.314 -95.4838 2.53909e-07 -94.8446 0.00173389 
1.315 -95.5362 2.49634e-07 -94.8951 0.000617782 
1.316 -95.5886 2.45564e-07 -94.9456 0.000525933 
1.317 -95.641 2.5078e-07 -94.996 0.000350749 
1.318 -95.6934 2.46626e-07 -95.0459 0.00177444 
1.319 -95.7458 2.46657e-07 -95.0967 0.000588396 
1.32 -95.7983 2.50584e-07 -95.1472 0.000735712 
1.321 -95.8508 3.49171e-07 -95.1961 0.00458701 
1.322 -95.9033 3.51269e-07 -95.2468 0.00123654 
1.323 -95.9558 3.45506e-07 -95.2983 0.00100019 
1.324 -96.0084 3.59558e-07 -95.3494 0.000472234 
1.325 -96.0609 3.56124e-07 -95.4 0.00120785 
1.326 -96.1135 3.54148e-07 -95.4507 0.00166737 
1.327 -96.1661 3.48331e-07 -95.501 0.00130159 
1.328 -96.2187 3.42754e-07 -95.5511 0.0010737 
1.329 -96.2713 3.37317e-07 -95.6014 0.00100613 
1.33 -96.324 3.35429e-07 -95.6519 0.00137058 
1.331 -96.3766 3.30017e-07 -95.7033 0.000999943 
1.332 -96.4293 3.24706e-07 -95.7538 0.00221922 
1.333 -96.482 3.1948e-07 -95.8058 0.000164655 
1.334 -96.5348 3.19335e-07 -95.8553 0.00130368 
1.335 -96.5875 3.1428e-07 -95.906 0.00155001 
1.336 -96.6403 3.12999e-07 -95.9576 0.00103857 
1.337 -96.693 3.07962e-07 -96.0087 0.000331996 
1.338 -96.7458 3.03029e-07 -96.0585 0.00133936 
1.339 -96.7986 2.98243e-07 -96.1085 0.0013226 
1.34 -96.8515 3.09936e-07 -96.161 0.000813626 
1.341 -96.9043 3.05061e-07 -96.2116 0.00051196 
1.342 -96.9572 3.12395e-07 -96.2618 0.0021393 
1.343 -97.0101 3.07449e-07 -96.3127 0.00133532 
1.344 -97.063 3.06401e-07 -96.3629 0.000787469 
1.345 -97.1159 3.01621e-07 -96.4157 0.000615375 
1.346 -97.1688 3.01774e-07 -96.4658 0.00126756 
1.347 -97.2218 2.97034e-07 -96.5157 0.00128222 
1.348 -97.2747 2.92359e-07 -96.5678 0.00150431 
1.349 -97.3277 2.87879e-07 -96.617 0.00322734 
1.35 -97.3807 2.83286e-07 -96.6692 0.00139601 
1.351 -97.4338 2.78877e-07 -96.7212 0.00120574 
1.352 -97.4868 2.7452e-07 -96.7708 0.00121143 
1.353 -97.5399 2.70249e-07 -96.8228 0.000637316 
1.354 -97.5929 2.70154e-07 -96.8746 0.00106778 
1.355 -97.646 2.659e-07 -96.9247 0.000822554 
1.356 -97.6991 2.61787e-07 -96.977 0.000635449 
1.357 -97.7523 2.57802e-07 -97.0277 0.000406785 
1.358 -97.8054 2.53851e-07 -97.0793 0.000425224 
1.359 -97.8586 2.49918e-07 -97.1295 0.000833307 
1.36 -97.9117 2.59373e-07 -97.1815 0.000868233 
1.361 -97.9649 2.55341e-07 -97.233 0.000464456 
1.362 -98.0181 2.56259e-07 -97.2838 0.000952353 
1.363 -98.0714 2.52234e-07 -97.3358 0.000252814 
1.364 -98.1246 2.48458e-07 -97.3867 0.000875336 
1.365 -98.1779 2.44603e-07 -97.4366 0.00122796 
1.366 -98.2311 2.4076e-07 -97.488 0.00118258 
1.367 -98.2844 2.41322e-07 -97.5392 0.00273784 
1.368 -98.3377 2.37631e-07 -97.5915 0.000838097 
1.369 -98.3911 2.34013e-07 -97.6418 0.000882625 
1.37 -98.4444 2.30462e-07 -97.6937 0.00120902 
1.371 -98.4978 2.26853e-07 -97.7449 0.00110624 
1.372 -98.5511 2.23385e-07 -97.7962 0.00164351 
1.373 -98.6045 2.20038e-07 -97.8477 0.00118737 
1.374 -98.6579 2.1672e-07 -97.8994 0.000754298 
1.375 -98.7114 2.13429e-07 -97.951 0.000556911 
1.376 -98.7648 2.10215e-07 -98.002 0.00140174 
1.377 -98.8183 2.07052e-07 -98.0542 0.00130995 
1.378 -98.8717 2.03867e-07 -98.1044 0.0017794 
1.379 -98.9252 2.00778e-07 -98.1562 0.000688279 
1.38 -98.9787 1.97833e-07 -98.2071 0.00187009 
1.381 -99.0322 1.99629e-07 -98.2604 0.000446992 
1.382 -99.0858 2.01271e-07 -98.3117 0.000979016 
1.383 -99.1393 1.98281e-07 -98.3624 0.000828086 
1.384 -99.1929 1.95247e-07 -98.4152 0.000725032 
1.385 -99.2465 1.92345e-07 -98.4664 0.00102878 
1.386 -99.3001 2.01086e-07 -98.5176 0.00157483 
1.387 -99.3537 1.97995e-07 -98.5689 0.00167498 
1.388 -99.4073 1.95141e-07 -98.6205 0.00123652 
1.389 -99.4609 1.92103e-07 -98.6724 0.00252886 
1.39 -99.5146 1.91889e-07 -98.7236 0.001625 
1.391 -99.5683 1.89e-07 -98.7761 0.000794791 
1.392 -99.622 1.86375e-07 -98.8277 0.000837126 
1.393 -99.6757 1.83436e-07 -98.8787 0.000897545 
1.394 -99.7294 1.80709e-07 -98.931 0.00163183 
1.395 -99.7831 1.78059e-07 -98.9816 0.001257 
1.396 -99.8369 1.75509e-07 -99.0337 0.000793957 
1.397 -99.8907 1.72915e-07 -99.0864 0.0011712 
1.398 -99.9444 1.70387e-07 -99.1365 0.00172759 
1.399 -99.9982 1.67849e-07 -99.1893 0.00114233 
1.4 -100.052 1.70536e-07 -99.2417 0.000681273 
1.401 -100.106 1.68102e-07 -99.2939 0.000458869 
1.402 -100.16 1.65575e-07 -99.3442 0.000941805 
1.403 -100.214 1.63123e-07 -99.3974 0.000862746 
1.404 -100.267 1.65788e-07 -99.448 0.00110846 
1.405 -100.321 1.633e-07 -99.5006 0.00114657 
1.406 -100.375 1.60924e-07 -99.5529 0.000846069 
1.407 -100.429 1.58496e-07 -99.6046 0.00128513 
1.408 -100.483 1.56215e-07 -99.6554 0.00137369 
1.409 -100.537 1.53954e-07 -99.7078 0.00170617 
1.41 -100.591 1.5178e-07 -99.76 0.000792558 
1.411 -100.645 1.49474e-07 -99.8125 0.000435468 
1.412 -100.699 1.47371e-07 -99.8638 0.00143617 
1.413 -100.753 1.51833e-07 -99.9154 0.00114236 
1.414 -100.807 1.49665e-07 -99.9676 0.0014012 
1.415 -100.861 1.47533e-07 -100.021 0.000439585 
1.416 -100.915 1.45532e-07 -100.073 0.000924612 
1.417 -100.969 1.43424e-07 -100.125 0.00158208 
1.418 -101.023 1.41348e-07 -100.176 0.00242698 
1.419 -101.077 1.45066e-07 -100.23 0.000771089 
1.42 -101.131 1.42883e-07 -100.281 0.000386563 
1.421 -101.186 1.40788e-07 -100.333 0.0017926 
1.422 -101.24 1.38862e-07 -100.386 0.000421438 
1.423 -101.294 1.3697e-07 -100.438 0.000682915 
1.424 -101.348 1.37652e-07 -100.488 0.00187132 
1.425 -101.402 1.35637e-07 -100.542 0.000724088 
1.426 -101.456 1.33743e-07 -100.594 0.00154729 
1.427 -101.511 1.31909e-07 -100.646 0.000505984 
1.428 -101.565 1.29996e-07 -100.699 0.00109155 
1.429 -101.619 1.28204e-07 -100.75 0.000617607 
1.43 -101.673 1.26491e-07 -100.802 0.0025264 
1.431 -101.728 1.24766e-07 -100.855 0.00172542 
1.432 -101.782 1.28421e-07 -100.907 0.00135187 
1.433 -101.836 1.2664e-07 -100.959 0.00146242 
1.434 -101.89 1.24906e-07 -101.012 0.00120366 
1.435 -101.945 1.23113e-07 -101.063 0.00213002 
1.436 -101.999 1.21398e-07 -101.116 0.00116252 
1.437 -102.053 1.28826e-07 -101.169 0.00100805 
1.438 -102.108 1.33501e-07 -101.221 0.000842515 
1.439 -102.162 1.31684e-07 -101.273 0.00181308 
1.44 -102.216 1.29889e-07 -101.326 0.000801936 
1.441 -102.271 1.30625e-07 -101.379 0.000697184 
1.442 -102.325 1.28899e-07 -101.431 0.00382586 
1.443 -102.38 1.27111e-07 -101.484 0.000454371 
1.444 -102.434 1.2541e-07 -101.535 0.00149911 
1.445 -102.489 1.23859e-07 -101.588 0.00119171 
1.446 -102.543 1.22081e-07 -101.641 0.00106558 
1.447 -102.598 1.20586e-07 -101.692 0.0007677 
1.448 -102.652 1.18762e-07 -101.746 0.000416246 
1.449 -102.707 1.17287e-07 -101.8 0.000236497 
1.45 -102.761 1.18276e-07 -101.851 0.000512746 
1.451 -102.816 1.16604e-07 -101.904 0.000371182 
1.452 -102.87 1.2469e-07 -101.956 0.000833961 
1.453 -102.925 1.23106e-07 -102.009 0.00101729 
1.454 -102.979 1.23875e-07 -102.061 0.00049362 
1.455 -103.034 1.22389e-07 -102.114 0.00076822 
1.456 -103.088 1.30205e-07 -102.165 0.00098893 
1.457 -103.143 1.33503e-07 -102.22 0.000672659 
1.458 -103.198 2.1137e-07 -102.27 0.00150145 
1.459 -103.252 2.11217e-07 -102.325 0.00136534 
1.46 -103.307 2.08802e-07 -102.377 0.000797543 
1.461 -103.362 2.08624e-07 -102.428 0.00113308 
1.462 -103.416 2.06172e-07 -102.482 0.000441606 
1.463 -103.471 2.03618e-07 -102.535 0.000559404 
1.464 -103.526 2.01318e-07 -102.587 0.000774727 
1.465 -103.58 2.01224e-07 -102.64 0.0006249 
1.466 -103.635 1.98708e-07 -102.693 0.0015043 
1.467 -103.69 1.96454e-07 -102.745 0.00104842 
1.468 -103.745 1.94081e-07 -102.798 0.00160407 
1.469 -103.799 1.91738e-07 -102.851 0.000802396 
1.47 -103.854 1.89564e-07 -102.904 0.00118819 
1.471 -103.909 1.94668e-07 -102.955 0.000975322 
1.472 -103.964 1.92264e-07 -103.01 0.000459454 
1.473 -104.019 1.90174e-07 -103.062 0.000326058 
1.474 -104.073 1.87882e-07 -103.116 0.000987431 
1.475 -104.128 1.87669e-07 -103.168 0.000913652 
1.476 -104.183 1.85322e-07 -103.221 0.000584387 
1.477 -104.238 1.83341e-07 -103.273 0.00117112 
1.478 -104.293 1.81059e-07 -103.326 0.00115314 
1.479 -104.348 1.78854e-07 -103.38 0.0013994 
1.48 -104.403 1.76802e-07 -103.432 0.00106393 
1.481 -104.458 1.74799e-07 -103.484 0.00151803 
1.482 -104.513 1.72648e-07 -103.537 0.00193308 
1.483 -104.567 1.70634e-07 -103.589 0.0019542 
1.484 -104.622 1.68728e-07 -103.643 0.00132973 
1.485 -104.677 1.73901e-07 -103.696 0.00123661 
1.486 -104.732 1.71958e-07 -103.751 0.00039569 
1.487 -104.787 1.69843e-07 -103.804 0.000457695 
1.488 -104.842 1.67855e-07 -103.857 0.00121098 
1.489 -104.897 1.66056e-07 -103.906 0.000868472 
1.49 -104.952 1.63995e-07 -103.961 0.000991341 
1.491 -105.007 1.63962e-07 -104.013 0.00196224 
1.492 -105.062 1.62063e-07 -104.07 0.00069862 
1.493 -105.118 1.60249e-07 -104.12 0.00319653 
1.494 -105.173 1.58365e-07 -104.174 0.00269903 
1.495 -105.228 1.56464e-07 -104.228 0.000607006 
1.496 -105.283 1.54669e-07 -104.281 0.000661558 
1.497 -105.338 1.52808e-07 -104.333 0.00142119 
1.498 -105.393 1.51114e-07 -104.385 0.00134013 
1.499 -105.448 1.49423e-07 -104.44 0.00197727 
1.5 -105.503 1.47664e-07 -104.491 0.00374027 
